# world_file: world/outside_prc_gen.world
latitude: 30.38002524
longitude: -97.72486218
elevation: 209.0
