image_width: 1280
image_height: 960
camera_name: camera
camera_matrix:
  rows: 3
  cols: 3
  data: [1072.62, 0, 687.063, 0, 1072.38, 428.763, 0, 0, 1]
distortion_coefficients:
  rows: 1
  cols: 5
  data: [-0.291963, 0.0880665, 0.00284341, -0.00229279, 0]
rectification_matrix:
  rows: 3
  cols: 3
  data: [1, 0, 0, 0, 1, 0, 0, 0, 1]
projection_matrix:
  rows: 3
  cols: 4
  data: [1072.62, 0, 687.063, 0, 0, 1072.38, 428.763, 0, 0, 0, 1, 0]