---
image_width: 1280
image_height: 960
camera_name: 0800461000821aa5
camera_matrix:
  rows: 3
  cols: 3
  data: [1172.91, 0, 764.449, 0, 1174.34, 427.955, 0, 0, 1]
distortion_model: plumb_bob
distortion_coefficients:
  rows: 1
  cols: 5
  data: [-0.322965, 0.108109, 0.00193519, -0.00358506, 0]
rectification_matrix:
  rows: 3
  cols: 3
  data: [1, 0, 0, 0, 1, 0, 0, 0, 1]
projection_matrix:
  rows: 3
  cols: 4
  data: [1172.91, 0, 764.449, 0, 0, 1174.34, 427.955, 0, 0, 0, 1, 0]