image_width: 1280
image_height: 960
camera_name: camera
camera_matrix:
  rows: 3
  cols: 3
  data: [1112.82, 0, 724.352, 0, 1111.4, 457.406, 0, 0, 1]
distortion_coefficients:
  rows: 1
  cols: 5
  data: [-0.298453, 0.0870696, 0.000740684, -0.00367227, 0]
rectification_matrix:
  rows: 3
  cols: 3
  data: [1, 0, 0, 0, 1, 0, 0, 0, 1]
projection_matrix:
  rows: 3
  cols: 4
  data: [1112.82, 0, 724.352, 0, 0, 1111.4, 457.406, 0, 0, 0, 1, 0]