---
image_width: 1280
image_height: 960
camera_name: 0800461000821a9d
camera_matrix:
  rows: 3
  cols: 3
  data: [1154.63, 0, 691.89, 0, 1156.46, 482.31, 0, 0, 1]
distortion_model: plumb_bob
distortion_coefficients:
  rows: 1
  cols: 5
  data: [-0.322742, 0.139476, -0.000175302, -0.00134739, 0]
rectification_matrix:
  rows: 3
  cols: 3
  data: [1, 0, 0, 0, 1, 0, 0, 0, 1]
projection_matrix:
  rows: 3
  cols: 4
  data: [1154.63, 0, 691.89, 0, 0, 1156.46, 482.31, 0, 0, 0, 1, 0]