artstage:

  latitude:  30.385315
  longitude: -97.728524
